"Metabolite"	"meanarea_EX_AL"	"meanarea_EX_ER"	"meanarea_SED_AL"	"meanarea_SED_ER"	"searea_EX_AL"	"searea_EX_ER"	"searea_SED_AL"	"searea_SED_ER"
"Acetoacetic acid"	-0.534763943003556	-1.5348726741753	-0.758957744254512	-1.53868453861095	1.27538070827058	0.179305216425399	0.791278391685371	0.205288767989844
"N-Acetyl-L-aspartic acid"	0.447516109033709	1.45134102919383	1.21715776052389	1.79729382912503	0.512287043344113	0.271397305085294	0.19838205288554	0.0863764116448398
"Acetyl-glycine"	-0.794586945853103	-2.375229452951	-0.832612638268391	-1.76843043707103	0.585589010434495	0.446984181716358	0.543860528270246	0.230212031694902
"N-Alpha-acetyllysine"	-1.02234390831958	-1.55547708666809	-1.41605199598586	-1.3698420757062	0.30260931982446	0.669488877056404	0.366587968315559	0.26721685806635
"Acetylphosphate"	0.261258860105289	-1.76232063209145	-1.27202094465012	-1.14530809291267	0.872176914453471	0.347920788802421	0.544009486283653	0.380938647376833
"cis-Aconitic acid"	-0.699386012888668	-1.1541607084498	-0.884421456546706	-1.29573871488283	0.707698272392609	0.199204610100582	0.433177217390451	0.193774975879627
"ADP"	0.326630650765816	2.32955159926596	1.76269204000855	2.51770621674122	0.927492413994424	0.447022417763145	0.569344928735289	0.233999981051612
"ADP-glucose"	1.98513628399887	2.01516766828867	1.81133975904595	2.04491142806675	0.476208249546663	0.161029601851386	0.408519181273051	0.199732559591208
"L-Alanine"	-0.730475920096815	0.296988478926246	-0.0958374088914783	0.346254835364286	0.415093672555569	0.130636717766242	0.412354775327689	0.115290196731051
"Allantoic acid"	-1.70883773461582	-1.84096669533031	-1.20331068493105	-2.74823754250425	0.317979993937004	0.260570220666421	0.237054996118022	0.677073576427924
"Oxoglutaric acid"	-2.01903888365933	-2.16117549167156	-2.05770904868229	-2.10067737170084	0.485748464853191	0.178571606560834	0.384250343339447	0.128204816690124
"Adenosine monophosphate"	-0.445423349938159	-0.24897579018455	0.295495507820369	-0.258857516985362	0.686284198880084	0.330887726274132	0.23109912026148	0.264811758738999
"2-Aminobenzoic acid"	-0.370005192140234	-2.75082944351848	-1.35881669003295	-2.36651173742279	1.37139008440913	0.466807723289425	0.952870215860479	0.410638653263772
"L-Arginine"	-0.567430157250829	-1.78677523136852	-1.18960197757319	-1.28729501659853	0.136084233774546	0.351806652904631	0.40925803402163	0.295814669146624
"Ascorbic acid"	1.6233510062881	2.7774260296752	2.30010100211844	3.09418431239736	1.48030522521447	1.18635561957305	1.31392737296358	1.09757241438874
"L-Asparagine"	-0.251562015790984	0.166613749208674	-0.253697895450851	0.058846190531067	0.454811378198416	0.218741337203553	0.416295168958062	0.165170518188495
"CDP"	-0.141369455485152	-0.573788915507338	0.0386054040784786	-1.61600849270294	0.608456547973262	0.727678572479775	0.73149872840338	0.483575742651731
"Citicoline"	1.52666021984354	1.21478241692285	1.31752658866738	1.13258634898246	0.450396833369778	0.129241990810018	0.175348331511265	0.194072076236698
"CDP-Ethanolamine"	1.70170812915231	2.60413584048679	2.06541220213635	2.95260982691091	0.793055525882429	0.1038361248874	0.529930178587464	0.105182510863977
"Chlorpropamide"	-1.56680453849749	-0.603074574423059	-2.21700918504712	-0.823793357012768	0.917876219124058	0.196365698106184	1.26564447550504	0.160894948061306
"Citraconic acid"	0.130750292184845	-1.47549084591891	-0.95684047564192	-1.30959414736897	1.0628397341402	0.141284926331331	0.869011101623546	0.205349926849438
"Isocitrate"	0.126023256297369	0.301424776616881	0.507588471845277	0.286041236219398	0.289307920304923	0.254260854988454	0.0408115261433167	0.241174978328268
"Citrulline"	-2.16972184951589	-1.69112548117391	-1.94771467569442	-2.03442192962419	0.21783879100961	0.0924305480578993	0.0888965428031641	0.110567713518443
"Cytidine monophosphate"	-0.0704869833886222	1.3509158838255	0.902137125182962	0.973379911388292	0.750742699362287	0.533871342229666	0.635047188428601	0.201547026164823
"Cyclic AMP"	-0.0392016961433222	-1.70114735839777	-0.51589032020098	-1.40743115179942	1.16928338047809	0.141412997188183	0.898988022507102	0.103134114077802
"L-Cystathionine"	-1.38133427454649	-1.10787911420159	-2.65472616193221	-1.60481194435174	0.313928448405555	0.319208188984636	0.549306257650427	0.508723497628367
"L-Cysteine"	0.727797631461314	0.013365456967429	0.594496337838678	0.585202783243008	0.752980638510502	0.30412577584122	0.470354009338345	0.728619285704764
"D-Sedoheptulose-1-7-phosphate"	2.55508290815065	2.65828930023331	1.87503850553248	2.79135560803337	0.359013280695853	0.163795712156261	0.808838878953738	0.102989988449331
"Deoxyadenosine monophosphate"	1.3361831003857	2.59808067342316	2.18639792567373	2.54312160829754	0.815141340369372	0.16661513533765	0.514224246469001	0.249725517935123
"dCMP"	1.79311848925243	2.39146523524127	2.22292040376664	2.81651388518164	0.93424746148327	0.208306128965997	0.623539334125151	0.245043568233471
"Deoxyribose 1-phosphate"	1.25548408380555	1.62684566308392	1.70380227602062	1.75488764282465	0.400471325393064	0.267809083728265	0.216051911820201	0.147834738050751
"Deoxyuridine"	-1.37406156919953	-1.23068619571707	-1.10995627178644	-1.37190849927126	0.863612657363977	0.542397749166223	0.394402568000022	0.295599295011316
"Dihydroxyacetone phosphate"	1.60360493357939	2.10130465813786	2.02467977576164	2.07440510516961	0.78726998780234	0.445265049193829	0.396073577578795	0.327792853532143
"5-Thymidylic acid"	0.991110167279129	2.82031771917146	1.84962004740371	1.79940705587426	0.716139631483251	0.204914585113449	0.565334797789754	0.30387241083643
"D-Erythrose 4-phosphate"	0.302856440206809	-0.238245613253467	0.442296819438756	-0.421931696728511	0.435786222771919	0.223443060006487	0.928094824723216	0.270958174987095
"FAD"	0.464150466683028	1.48276676176822	0.814922707269998	0.725916458953251	0.282371014841342	0.29471340832455	0.220276842341854	0.398495144177798
"Flavin Mononucleotide"	0.825207962559476	0.886549690485781	0.721853935303808	1.07515343221825	0.636012862313249	0.438597376300857	0.384860377071062	0.414832738790724
"Fructose 1,6-bisphosphate"	2.2514612352846	3.12069205562564	2.70344957054743	2.90863266968669	0.647957358014347	0.415242703180432	0.510044864404684	0.189974248636063
"Fructose 6-phosphate"	1.79545873286382	2.52810834124348	1.7846630328976	2.36177175272908	0.596217828802623	0.140512778193095	0.610457338806431	0.0966877193033741
"Fumaric acid"	1.24777004686924	1.03250750399829	1.15036226515345	1.35877658458536	0.155888761465598	0.220145616711333	0.219913963747509	0.12889959442748
"Guanosine diphosphate"	-1.13686493198534	-0.041633375463835	-0.214432362154097	-1.0198618150804	1.44845763864303	1.15528782654443	1.06618061064693	0.930800436016699
"Glucaric acid"	-0.864684911303885	-0.249740549302533	0.976464310065801	0.365003826331029	1.19438887790667	0.970756502583762	0.382014265379438	0.434497932977649
"Gluconolactone"	-0.37911929588937	-2.01577051364043	-1.47987074239409	-2.22851122885081	1.25788302937942	0.671920107255317	1.0796519539566	0.416325437997769
"Glucosamine 6-phosphate"	1.12103969857343	0.38965376877155	0.0387686523683585	-0.264677934927343	0.832494018550392	0.48732821230348	0.708296075729799	0.284982151237856
"D-Glucose"	-2.28648622855645	-3.04966433793935	-2.35266898271811	-2.76094893440022	0.0137572267315275	0.220015388596139	0.11781897298687	0.131929764440479
"D-Glucose 1,6-bisphosphate"	2.16537618742058	2.60091802290235	1.9333507262827	2.57880915856269	0.507657129128837	0.113591082281729	0.646874666527524	0.128225460446397
"L-Glutamine"	-2.14704651473777	-1.65226602512225	-2.17846646064783	-1.82698317082749	0.275756513524408	0.144865833317763	0.54397152650643	0.0610517236681415
"Glutathione"	1.90326370071008	2.81514541551867	2.29436572545353	2.94572870125144	0.798933318075417	0.167945565231458	0.479221039180207	0.181860633594886
"Glutathione disulfide"	1.28947701213031	2.77502660983444	1.70710953807148	2.54435388121455	1.10360701466073	0.0566070361636546	0.739644925448023	0.0707637092578158
"Glyceraldehyde 3-phosphate"	0.200996821090219	0.288814164062995	1.51340943119413	-0.0124905317670825	1.17180830214067	0.811468795444739	0.693122224019008	0.510194237674642
"Glyceric acid"	-0.678219213727012	-0.959818863027237	-0.750376581930367	-1.87694496598519	0.556774886301092	0.204504054383707	0.391491557708026	0.812208378506933
"Guanosine monophosphate"	-0.399124624719109	1.45013725591815	0.80607742620779	0.738067124692216	0.746545954657806	0.90938420416779	0.64606369006045	0.415938293215471
"L-Histidine"	0.677905879634303	1.10722074913048	0.113884688529527	0.962734106671338	0.41009087849539	0.151114300181919	0.965679459232168	0.0994185702099392
"Homocysteine"	-1.25638291447855	-2.29860149344407	-1.34652759830581	-2.20629240145288	0.294040171538501	0.292849972655169	0.280566142564631	0.534727633030379
"Hydroxyisocaproic-acid"	-0.68217041951724	-1.87835198642068	-1.18777962203642	-1.89779604040903	0.846536094439848	0.17989389207853	0.663954067284618	0.104528758587964
"p-Hydroxyphenylacetic acid"	0.22207500587051	-1.60329954597109	-1.28034632489105	-1.57276154913806	1.27250832979778	0.310835408943199	1.01949737155818	0.165400405497661
"4-Hydroxyphenylpyruvic acid"	-2.14186846469274	-2.51922917269967	-2.47807017869983	-2.42985971655821	0.755955697970264	0.530025760467878	0.761324143107154	0.437488135361565
"Hydroxyproline"	0.22442327010529	-1.03586609023983	-0.364272714799555	-0.325068101736086	0.2499612315362	0.239957717573273	0.221254690738693	0.210658963531677
"Inosinic acid"	-1.47469644285976	0.752191676997874	1.10798232744485	-0.34754672176462	0.925118549225268	1.39465754074587	1.18438971651313	0.429545050353963
"Indole-3-carboxylic acid"	-1.60469057804382	-2.57720503027072	-2.00950870238377	-2.45371913475627	0.373144920877673	0.260816506590716	0.470140217369916	0.196287977000925
"Inosine"	-1.17342700416943	-3.47132769745606	-2.28297517777638	-2.26317479978108	1.33747195178859	0.263878419430976	1.05420143626666	1.29586430253476
"Ketoleucine"	0.0174943737637542	-1.5858010604583	-0.819508590980023	-1.67998787533395	1.2732671595613	0.181878480475105	0.886752053075093	0.213269101068499
"Kynurenic acid"	-1.7876040875599	-2.64057660245333	-2.32515613314215	-2.31274695480396	0.624454668991002	0.286288057558129	0.421144088121941	0.0996387007676982
"L-Lactic acid"	-0.525606685786687	0.131364971412701	-0.306616133386891	0.131364971412701	0.656971657199388	0	0.437981104799592	0
"Leu-Asp--LD"	0.667428251948666	-0.254807530219282	0.249727064360841	-0.132295216121656	0.86154309616626	0.297356614712597	0.56391817670118	0.0948525251768816
"Leucine-Isoleucine"	-0.199493601167088	0.749771498304156	0.349325004339802	0.858031979942375	0.920278248330053	0.19115195364006	0.668791695406557	0.159851084780252
"L-Lysine"	-0.167224286737789	0.15859728419151	-0.50899462461367	-0.145304262492759	0.237542114389241	0.260646682495368	0.887005816119761	0.080981123266589
"L-Malic acid"	1.22196319295271	1.47108757493243	1.12844200921298	1.47108757493243	0.249124381979721	0	0.342645565719448	0
"Maleic acid"	1.32829693812958	1.62480130103638	1.41619241519908	1.39880171854957	0.413431999242429	0.159856643595189	0.212806846763633	0.13207424366131
"L-Methionine"	0.360880803835427	-0.158846126161118	0.0815525623078595	0.0433566356357452	0.378053608698811	0.296136067553465	0.398585693733696	0.124026180265791
"N-Acetyl-glucosamine-1-6-phosphate"	1.10714077995662	1.57772257457527	1.14829304740877	2.24821577774416	1.70957346080735	0.157233815446584	1.00730652712961	0.182953843417691
"N-Acetylglutamic acid"	-0.256254501832263	0.441270614063196	-0.0405706722186043	0.123055122900873	0.466118058130105	0.394191509480452	0.436424230447818	0.232355360765555
"N-Acetyl-glutamine"	-1.36583501936479	-2.99812819608701	-2.4717847132734	-3.48266891614688	1.32529329856737	0.481549830542533	0.888035303500441	0.109686899622834
"N-Acetyl-L-alanine"	1.4214433371213	1.93155661225403	1.50718876349372	2.17299032511953	0.620366907096382	0.29133555048605	0.425817091852993	0.125811302466571
"N-Acetylornithine"	-1.64489491896565	-1.95112102858778	-1.90895179055901	-2.80256227623377	0.301992854259198	0.634532676623756	0.320772041112867	0.239045642244123
"Ureidosuccinic acid"	1.24740838440911	1.84324849867123	2.03861607725952	2.04361640102018	0.894296962185372	0.273295547132967	0.314737204157367	0.258796304848391
"Nicotinic acid"	0.0705575331785928	0.47818294886322	0.410250956389096	0.561113457488314	1.08674967418216	0.319975443568924	0.331489776297835	0.326544101642584
"Octoluse-bisphosphate"	0.940760754648416	1.55517482934744	1.75362457682906	1.32975086922188	0.515002017198703	0.783783351025415	0.724898102698595	0.537829101947009
"Ornithine"	0.581923391686411	0.51811044231994	0.126576028777181	0.882642294046903	0.842787854111399	0.454318775268668	0.441372136912571	0.389803239077302
"Pantetheine"	1.3926831335142	2.43005003752728	1.11163930109311	2.59679150378117	0.652961724412793	0.408158952162867	0.474211843763587	0.432138229002909
"Pantothenic acid"	0.52848632078982	0.165912867416304	-0.49358187928979	0.240805287109163	0.306838863804119	1.42470829024288	1.19860135189724	1.17441257146214
"L-Phenylalanine"	0.264032506145752	1.0615961325717	0.198353749156542	0.980640858392499	1.0789954912714	0.14084713087963	0.72850202373667	0.1406379486558
"Phenyllactic acid"	-0.0669618145110491	-1.39325012334048	-1.01593215249401	-1.52826339273502	1.03905484809349	0.485881897360911	0.740116903309875	0.176238218651372
"Phenylpyruvic acid"	-1.35231252148111	-2.1344279138223	-2.31635032624229	-2.0028689572188	1.01807942356859	0.562824689776426	0.707887768886887	0.244207102284013
"Phosphoenolpyruvic acid"	-0.126798146019445	0.380964612601886	-0.775995531187528	-0.218253824025927	0.676138522484885	0.625302359048967	0.584320345557107	0.787287600410599
"Pipecolic acid"	-0.941359940430872	-2.1291923626427	-0.683505657207571	-1.98522549936896	0.623402213456259	0.389831860896284	0.397647633079275	0.400139302275183
"Pro-Asp--PD"	0.859201757158985	1.3883899149611	1.34775030317481	1.54380315529793	0.864800277890129	0.086332418799751	0.184763642549	0.246612923053959
"L-Proline"	0.179083540815621	0.609166684655424	0.150528569836668	0.253485619612969	0.524287710560407	0.128019151437162	0.517784431022065	0.0754791337977334
"Pyroglutamic acid"	-0.017813755050377	2.09747569375161	-0.139029375662521	1.12080594944546	0.63476869320841	1.06224318628197	0.499469832971662	1.11321535245262
"Pyruvic acid"	-1.26973477218783	-2.21265574021953	-1.19047152729988	-1.85256024266603	0.948829251154079	0.14836370684237	0.718604428391341	0.125687932210696
"Quinolinic acid"	-0.487731974120629	-1.69459203862701	1.35047586241392	-0.698838443092455	0.80266316440047	0.689348437872849	0.478774256446592	0.213700057689133
"Riboflavin"	0.174700381519084	-0.629992824307962	-0.0402724514438367	-0.191826622807332	0.380556530911373	0.496735552437053	0.457609392595993	0.284416512613774
"D-Ribose"	-1.96922359363332	-2.81389513626334	-2.25952954691433	-2.77207092700183	0.379081834188621	0.0832405716741791	0.512589886357133	0.326843108438327
"D-Ribose 5-phosphate"	1.1446570470363	1.57294603059505	0.944928042478222	1.43312015386182	0.380282033267486	0.285839372108223	0.317562478984301	0.230743563066498
"D-Ribulose 5-phosphate"	1.05915851126768	1.42649793116869	1.71853829304483	1.87081502710545	1.05734598565511	0.267018700879643	0.514470894555514	0.274030142123983
"S-Adenosylhomocysteine"	-0.176583741810993	-0.182695658392271	-0.00135534469669517	0.433785287733095	0.275705067595128	0.247367272927208	0.205880803345153	0.176581171321518
"5'-Methylthioadenosine"	-1.16111489960205	-1.4451922103171	-1.01873080163077	-0.579928331580488	0.848760257152154	0.825266591221126	1.09566929507644	0.602986471270943
"Sedoheptulose 1,7-bisphosphate"	2.0286600760234	2.85938223683205	2.41758351417339	2.86143712229671	0.922389666269094	0.552028914195649	0.715654960655548	0.249074651521833
"L-Serine"	-0.912238186649848	-0.650374689369907	-1.10267563303575	-0.710748099104065	0.473331515615591	0.186388538663516	0.460041128185929	0.0651616656578755
"Glycerol 3-phosphate"	0.590255513409335	0.207528647172355	0.371405674048056	0.743536162538332	0.632575570089257	0.225714191729887	0.983709929986004	0.13310282436049
"Succinic acid"	-0.114453933212541	-1.80020742908744	-1.26640118917307	-1.81378566234023	0.853583116430954	0.175079300680022	0.726505608113324	0.13529573531879
"Taurine"	-0.0846933321793477	0.684218114590843	-0.596325611644949	0.684218114590843	0.768911446770191	0	1.28054372623579	0
"L-Homoserine"	-1.29968452179384	-0.497145024108693	-1.46710050046388	-0.627210702930749	0.654341497665132	0.0870987462136035	0.825314330331228	0.102952037094516
"Trehalose 6-phosphate"	-0.754255567869183	-1.77229140991436	-0.723807298401332	-0.326295187828	0.993349053371916	0.269764870859948	0.635535708621751	1.0978747432229
"Sucrose"	-1.8170197353472	-2.40465089356328	-2.57947842579306	-2.41212085326804	0.820487664232002	0.203842239879371	0.885964735424933	0.0900381542746748
"L-Tryptophan"	-1.61383686118821	-1.3873155700567	-2.22322098288683	-1.42162535803595	0.757901646556424	0.177079312936821	1.18614104791773	0.0884212361838949
"Uridine 5'-diphosphate"	0.0311236424070755	2.51270754496256	2.0855567084107	2.01043352019403	1.2998718282653	0.818609551359889	0.735417468611144	0.505619829305256
"Uridine diphosphate glucose"	2.14413679733677	3.2021484699821	2.57807611722571	3.17820803371339	1.05556015185965	0.0329932397439305	0.696041063725594	0.0691193180931399
"Uridine diphosphate glucuronic acid"	2.12199214503649	2.908584832588	2.37966827530054	2.81694381568595	0.89454177330758	0.223794517184664	0.593741689519834	0.214120918196547
"Uridine diphosphate-N-acetylglucosamine"	1.54848877835953	3.03396622149614	2.40223244088386	3.00100110587577	0.977519130134885	0.094680662888419	0.693464086597189	0.136768846938353
"Uridine 5'-monophosphate"	-0.974014918160326	-1.14748994416469	-0.765960333462711	-1.53963565913675	0.786347820203793	0.451346403305062	0.412300231351759	0.235946023792999
"Uracil"	-0.914263839662315	-2.80086808004284	-1.66343494032962	-1.99699653669103	1.23246589895266	0.490919960623552	1.11102526456415	1.25379252500713
"Uric acid"	-2.25485514913762	0.440281213468326	-0.08412352092285	-0.0620688557457767	1.20145978680664	1.00443756151022	0.854380661221168	1.03576717310009
"Uridine"	-1.43161424252783	-1.80431290316794	-1.74460475715807	-1.77107372768471	0.669384395793245	0.189981641716581	0.545822526339773	0.391832178457087
"Uridine triphosphate"	-1.37498451675728	-2.78609563906824	-1.60452322102057	-3.04424498998254	0.975470154765079	0.29325966420795	0.970881437437907	0.129870887619934
"Val-Asp--VD"	1.06870294151492	1.04215860401589	1.25303799199267	0.84043752129077	0.40193133765419	0.13521042888993	0.364636630926812	0.183895666196506
"Valine-5-Aminopentanoic-acid"	-0.529677408681515	0.0073204556777926	-0.527187403404955	-0.244622239898841	0.749266692586518	0.264610679885185	0.52455761684141	0.100603410445152
"2,3-Dihydroxybenzoic acid"	-0.800423955290829	-2.78865597866861	-1.95860268119353	-2.74361591306119	1.46222835286817	0.709665834186603	1.14179700559887	0.477036024663042
"2-Aminooctanoic-acid"	0.0373856935311321	-1.3412919514927	-0.492770618333743	-1.23070778829633	1.2311382720162	0.371697779886814	0.878068116879798	0.349021856307992
"2-Isopropylmalic acid"	-0.542260038931638	-2.1103908505941	-1.24038976456582	-2.05031780262864	1.34077719541122	0.388651478000062	0.921086794952856	0.366378917824583
"2-Keto-L-gluconate"	-1.28565898971735	-0.513609114495064	-1.26806625504177	-0.562880595364503	0.68503916894313	0.10973239942808	0.919322316286466	0.283882773971416
"Alpha-ketoisovaleric acid"	-0.273783723903447	-2.3723023329313	-1.49208648185848	-2.22287244915708	1.44995158342029	0.328227982417851	0.96578749992739	0.19395131577849
"2-Oxo-4-methylthiobutanoic acid"	-1.6739714972811	-1.07301468270105	-1.6400744703595	-1.04894178792528	0.56185885442255	0.535094732727369	0.988622105834289	0.374717667025012
"2-Ketobutyric acid"	0.207699514428958	-1.47613043495759	-1.00749738788482	-1.12232788655088	1.16295139402327	0.279220428531053	0.877275959017834	0.456510782278095
"3-Hydroxybutyric acid"	0.207025290388091	-1.91849118627756	-0.668402385210411	-1.70835347867593	1.28823427578234	0.185379202742975	1.06321931299242	0.168110636728478
"3-Methylphenylacetic-acid"	-0.787959543631809	-2.6804706489594	-1.43814733207893	-2.5447459104439	1.5780654727414	0.343114532917191	1.02785632713017	0.169920028697998
"DL-O-Phosphoserine"	0.171479269009145	-0.945717212022177	0.145100115186795	-0.825611502152859	0.935641819934744	0.423651903342579	0.55547689232356	0.667229345274534
"3-Phosphoglyceric acid"	1.24531466304292	1.25384376190064	0.652524758730852	1.90088026768859	0.602992281250554	0.63286778127835	0.763201455049881	0.189184932364439
"D-4'-Phosphopantothenate"	0.541762168679366	1.48685794704102	0.574433580265807	1.17709969648238	0.402972245193584	0.417709917675325	0.24062780349188	0.263688447777439
"4-Pyridoxic acid"	-1.06095911871888	-2.00472834158965	-1.58893822672942	-2.00548565564811	0.848411722090463	0.411788390674947	0.702503033464984	0.193960573418204
"5-Methyltetrahydrofolic acid"	-1.16080786804449	-0.434169215927013	-0.19628833881506	-0.854956563546904	0.992764213001704	0.191822707177332	0.489384838343802	0.497123282407905
"6-Phosphogluconic acid"	0.19602881332538	-0.922228896499954	0.505288015640951	-1.13612138420113	0.2612726311463	0.7906188364124	0.443314149449258	0.577815292160466
"Xanthine"	1.39583336661639	2.05048217404313	1.17505964527248	1.99360961244029	0.676275919625234	0.0647594052402364	0.946016153828483	0.0320216462613417
"Xanthosine"	-0.993175997499231	0.765351095246142	-0.602647042157351	0.0402299962361006	1.16464096800151	0.299019329865345	0.814501875332329	0.220918563522473
"Xanthosine 5'-phosphate"	-0.176398130356777	0.351419301837504	0.876615684146149	-0.140604364914474	1.11193608265392	1.46181227106367	0.656183018182654	0.682979280574761
"Xanthurenic acid"	-1.65117236272468	-2.12978919947482	-1.87272734637046	-1.98258685504698	0.454077145836523	0.359978350261503	0.276614434102588	0.103569813506846
