"Metabolite"	"meanarea_EX_AL_7"	"meanarea_EX_AL_21"	"meanarea_EX_AL_35"	"meanarea_EX_ER_7"	"meanarea_EX_ER_21"	"meanarea_EX_ER_35"	"meanarea_SED_AL_7"	"meanarea_SED_AL_21"	"meanarea_SED_AL_35"	"meanarea_SED_ER_7"	"meanarea_SED_ER_21"	"meanarea_SED_ER_35"	"searea_EX_AL_7"	"searea_EX_AL_21"	"searea_EX_AL_35"	"searea_EX_ER_7"	"searea_EX_ER_21"	"searea_EX_ER_35"	"searea_SED_AL_7"	"searea_SED_AL_21"	"searea_SED_AL_35"	"searea_SED_ER_7"	"searea_SED_ER_21"	"searea_SED_ER_35"
"Acetoacetic acid"	0.478599595135722	0.606643446551693	0.00492820444885624	0.578527297844114	0.783228078171005	0.00300041731321357	0.964711605849594	0.63234081079255	0.0800044911068328	0.245157097051045	0.184946330037175	0.0619798710858242	0.617849165776836	0.45537413851979	0.0381139409428382	0.526671289996728	0.66663511867152	0.169807570138287	0.353250956160638	0.492673194129691	0.0902905481358746	0.184170486872989	0.200763302604427	0.251655433024199
"N-Acetyl-L-aspartic acid"	-0.406797246108874	-0.652290847706893	-0.538099556302613	-0.487399465246099	-0.290157371381742	-0.0797095660473645	-0.52417420335023	-0.655454781524358	-0.679017112802185	-0.709220065230359	-0.31641172792246	0.00251146573125287	0.121882590763274	0.132712237480319	0.264093489658357	0.217309085593148	0.195293414673497	0.186311304325596	0.138440949713236	0.159395962318529	0.0985315011576916	0.16275881617141	0.129231499198432	0.283511610745247
"Acetyl-glycine"	0.250334415273043	0.799524883038138	0.638349482538367	0.730998373141845	0.939840576156473	-0.34613387388411	0.789731592210966	0.482037449079103	0.836737903830873	0.463339804501708	0.281010799572402	0.217630282010417	0.343581829124285	0.128788636961041	0.136668449957236	0.135230034568565	0.134041662509779	0.297809848153836	0.164773977867283	0.299939849172131	0.0891385712446021	0.219743607185479	0.303760286687234	0.362655755810343
"N-Alpha-acetyllysine"	0.826005443797814	0.859710133930295	0.615874319413392	-0.169966875711868	-0.131434304921152	0.534167605386679	0.542521548930626	0.572110401715935	0.841672352590854	0.250268089793449	0.620647100626761	0.266958427167453	0.51546394082317	0.208424088378369	0.127893027148908	0.382057998455567	0.304845732772795	0.140171033603454	0.314154201411679	0.0755458881335861	0.111719176544166	0.128163263613365	0.146838055782901	0.462742481308155
"Acetylphosphate"	0.595331868281329	0.626223733522845	0.0594323533919602	0.769321457197718	0.355491480868223	0.415379359180092	0.407040193403433	0.430238013289161	-0.064861668866948	0.220826155608323	0.468216324357828	-0.0673597933801318	0.292142246952703	0.292166060973901	0.2248785543331	0.28480416859982	0.731932649660083	0.241097842324303	0.28180859179828	0.28519735731567	0.246602331784791	0.315282875470446	0.471056196766783	0.396942948023335
"cis-Aconitic acid"	0.320607152875794	0.0379607709766663	0.705970411348931	0.602738046453585	0.557569440706968	0.294611791331712	0.0151380955755462	0.239744589041323	0.435342492935679	0.23610593428258	0.405795889528268	0.0389377109640206	0.287932006859737	0.0591736061799544	0.209922964628809	0.223267985288738	0.18462790408679	0.208840921778061	0.0657452316633073	0.173322956829321	0.185045971470038	0.151545076280324	0.100052848712573	0.319341735156213
"ADP"	-1.00332570915973	-0.0732974442966073	-1.11885255261576	-0.729717248468339	-0.807248095415231	-1.12896652190256	-0.942567721243906	-0.0811062115005515	-0.607615646583648	0.0695227936327463	-0.473321087313099	0.0291373980512195	0.333718170774599	0.613526486620915	0.308001594609958	0.387679768343762	0.424121981271119	0.169659597504361	0.320486425794161	0.184204771236485	0.293955501839646	0.585801933269615	0.509701562910008	0.609173668902205
"ADP-glucose"	-0.575814038494875	-0.554198510514989	-0.766580986659343	-0.425169450238011	-0.861019376540906	-0.703183334794293	-0.498987425215799	-0.691423648911715	-0.832643252824852	-1.00989887369753	-0.669176466048242	-0.25848953388977	0.210616244886434	0.0694497652041043	0.103443161824404	0.188559986385505	0.320919085845274	0.137384806546829	0.0800735482774943	0.17924040178183	0.192448214409341	0.0675171780116489	0.145900458017111	0.430523085621059
"L-Alanine"	-0.795823751344303	0.340105978932682	0.65930083843462	-0.61507673688363	-0.90691814848292	0.776800929008475	-0.0779743932859234	0.108306557107249	0.665226902892081	-0.477249908049874	-0.0302671473567654	0.134713554604542	0.844960261410571	0.184644835423517	0.257573064484257	0.263298129186549	0.145057992608681	0.175849062527635	0.159743979449964	0.304021829435597	0.155615482574877	0.178319677909292	0.279530864989434	0.44606133543098
"Allantoic acid"	0.264970681582478	0.573849057945054	0.927085795994299	0.391084017757579	0.324224505042395	0.8293016135347	0.51653342652859	0.486399445319609	1.25894593737627	0.494125464817626	0.767516219786032	0.505833314455126	0.675803227120277	0.735117219825581	0.121128094313067	0.355183105984258	0.671075353779834	0.0936908987262932	0.146274314506173	0.242596481910374	0.0986132342720596	0.142872915856114	0.145904311824388	0.52435042407252
"Oxoglutaric acid"	0.853181355829891	0.393079405423475	0.28116588702201	1.02984366642924	0.994590893092955	0.843057474529081	0.594462349966781	0.42016484467292	0.393079405423475	1.27506185748619	1.13634825532109	0.0440581126047404	0.506989385178043	0.085367416597575	0.167694454640842	0.349874287096294	0.441218011794235	0.0769140563211209	0.135410190848424	0.172174914222711	0.0539910948825598	0.222102570211964	0.161049760697468	0.56177968726359
"Adenosine monophosphate"	0.515886454612795	-0.312042520533586	-0.271192568588664	1.08253491808976	0.283846952127612	-0.997888611230762	-0.504453789822655	-0.163302622660444	0.0791745016048663	1.81751314778545	-0.538589518439541	-0.173737282500494	0.248028269983295	0.319123891081158	0.406170342349918	0.886068624101027	0.866479896995222	0.475468477299608	0.817304867437618	0.500622154574008	0.639461603720949	0.652202871255161	0.44085901382556	0.559912652757432
"2-Aminobenzoic acid"	0.839221199706147	0.804984773792193	0.295786276096444	0.78159177004725	0.976679078998407	0.373675924587512	0.957037935009267	0.781434756303975	0.370630688585858	0.390482761462149	0.580761662786125	0.0604259814830309	0.389666410304621	0.278889552356699	0.0816318162442502	0.426509828029434	0.54792526241238	0.0639896805983972	0.159009613647747	0.267738073248117	0.0999960304672688	0.0407126492136428	0.114700436444579	0.370094415117224
"L-Arginine"	1.28620244862628	0.691612776509723	0.708097298852245	0.126090030622785	-0.047610507523108	0.647576751404388	0.213937815146244	-0.0670048028503577	0.66205924966141	0.276326457581778	0.567448039267791	0.0430774940193348	0.620783355378202	0.26399373013146	0.133597319397232	0.0672591049813858	0.555127006352985	0.0505432401448462	0.366685229918413	0.48191615028292	0.109697124403392	0.0500755190660184	0.0577254095181683	0.380499711537589
"Ascorbic acid"	-1.01229428402514	-0.85001663856703	-0.972613236895368	-0.878390917305753	-1.01245292697875	-0.906798049688909	-0.691721068424148	-0.660141272606213	-0.980434128986255	-1.17603827984467	-1.11533901930398	0.144972471851839	0.185183916060033	0.465553591516525	0.171588049800428	0.146792249179653	0.274955529872262	0.162617712357338	0.222925146416938	0.333277855361738	0.145267977878058	0.111988398462897	0.204905292488125	0.986230653869956
"L-Asparagine"	-0.91931090013366	0.801848460082759	0.673268521473917	-0.807310236003214	-0.974071350897107	0.391894789496539	0.24982670056524	0.428982546924998	0.437354963355518	-0.398142354866458	0.129097302018001	0.407524214098092	1.02007159474375	0.303626033397663	0.160445220682781	0.327950069556557	0.573134841179836	0.125338132497028	0.253500343696905	0.376580541984607	0.127356473677232	0.172016323005013	0.22529788336618	0.23345938006897
"CDP"	0.27954256467483	0.307138066408059	0.0359996054829974	0.289276458192808	-0.0845653307094021	0.116936329006594	0.377623395356996	0.53266219524837	-0.0483389025639794	-0.274632602054838	0.160351257677158	0.580295068550702	0.268883598689701	0.0886631646400473	0.132060894097624	0.105560559415492	0.40970191419382	0.175392554403951	0.102226035946636	0.431506627795975	0.245689350694163	0.0861959238088877	0.186264075799422	0.384793958586026
"Citicoline"	-0.312878208435637	-0.286024834176136	-0.549871552302618	-0.598343188714199	-0.240316271302582	-0.471111464911276	-0.217435071381905	-0.456502187429233	-0.631941939823291	-0.408531601658939	-0.428864096506432	-0.270892723697315	0.261652496035683	0.086278740866092	0.12850937259741	0.608129865947559	0.559429234688228	0.170675711979102	0.0994768650658324	0.222673699941534	0.239082012334642	0.522342103280758	0.181254864901379	0.252551307152187
"CDP-Ethanolamine"	-0.738789667719338	-1.16483031171097	-0.584169575140417	-0.74197403798675	-0.559920549062209	-0.392795013389641	-0.6257807507892	-1.27265977059439	-1.06611219022329	-1.0780792958864	-1.25517826743924	-0.222271099892584	0.169437670446346	0.0545725855264867	0.259019789127854	0.259622875716505	0.276958453572305	0.380657261567426	0.264209608178038	0.140844423696667	0.240049552316997	0.413326062441671	0.114646395133124	0.596150672242185
"Chlorpropamide"	0.892519244923397	0.616780479458519	0.503944273707103	0.2732923852144	-0.247830023174119	0.594634957057947	0.50302542024069	0.221878929701856	0.63434349548807	0.393840095219573	0.672875203577846	0.211034652631699	0.231836070328603	0.207795674788684	0.119556839509477	0.63208058064275	0.744167134790101	0.119983273738284	0.265651726767074	0.177626815279174	0.0772114056857229	0.0994976432178438	0.0819473181957431	0.356231240642604
"Citraconic acid"	0.512195153924778	0.403296984792562	0.0035409836992863	0.766595130511809	0.755545269911307	-0.222434134628562	0.800906810967936	0.68288099744976	0.123715323283567	0.0465373937934606	0.39454638723016	-0.320892942480161	0.486220845382199	0.190352761177723	0.148738701813103	0.501576580184018	0.591907759213505	0.316686323868364	0.326183000949391	0.562946821491471	0.101124770192529	0.183822877321535	0.136189886477984	0.427122026274166
"Isocitrate"	0.109510244216325	-0.130313341701299	0.264569526984728	-0.402125293282648	0.789844919633424	-1.41658424482479	-0.490542490636129	0.694862630591425	0.148361562003399	0.998857410874201	-0.145681680980713	-0.890727626659987	0.609467560925883	1.0548677014125	0.955029543490312	0.554478943646296	0.238002874832612	0.801440976972143	0.788884277783391	0.259216203610913	0.79141037498243	0.146964547504447	0.815304721747385	0.972565644654089
"Citrulline"	0.0796731617276566	1.19694300416967	0.860841582682726	0.20220491915576	0.194635029114198	0.897946329388335	0.820074996348966	0.730767230534082	1.02739965615895	0.627352942112194	1.08194065833669	0.248534408978152	0.682247218497001	0.0280588431603367	0.0793621243869697	0.381843823631728	0.556576659394037	0.0733274467809911	0.0890888736275788	0.165161654120462	0.0802896125398847	0.0924970409519238	0.0714102215571203	0.705090382744243
"Cytidine monophosphate"	-0.605390439031248	-1.03837339519001	-0.231461169664319	-0.0391022713713949	0.101226865898012	0.432906589449519	-1.07775799446035	-0.952750023541244	-0.573409274314502	0.247601208765099	0.0186574235244657	-0.0378443708726611	0.350703671130887	0.778169526237608	0.287408777635085	0.426360678143773	0.490206232330816	0.337638291020086	0.633296525200884	0.410520223306963	0.434275176126802	0.0950341852648925	0.114507446940151	0.498322974319268
"Cyclic AMP"	0.560297405823329	0.58604554476387	0.0029871131470525	0.606834678413418	0.811241102936641	0.148928728996493	0.537714761601775	0.355906284858215	0.195789051894934	-0.0918483658337359	0.460934842196297	-0.275777127217639	0.394469229038787	0.330974999886405	0.114486456521022	0.449679575817873	0.793245804742214	0.204352140836175	0.139257168181773	0.397119044346274	0.12185830215601	0.120507412717285	0.201722388621944	0.323163599589307
"L-Cystathionine"	0.158276256814084	0.85344900347931	0.563698833042909	0.11537777083444	0.225642779976785	0.790098897672593	1.00722546990323	0.567219231566675	0.756107111714738	0.364339493214123	0.920563652469912	0.658154437221806	0.576214487935078	0.342537117176654	0.196795542502787	0.225525232206996	0.523113300320581	0.148231661763217	0.322698944028052	0.294961728534595	0.173026163551115	0.146306493155061	0.159261747053311	0.416142580876138
"L-Cysteine"	-0.284699893253285	-0.712321220892066	0.259202215531646	-0.158193696418227	-0.136024991122837	-0.275444406591288	-0.462928358738562	-0.132401825136882	0.865277469567316	-0.156398822386432	-0.281265052677682	-0.687810054860505	0.653351211352471	0.080079738576702	0.289551331151051	0.458594946231018	0.27367554325371	0.343980537892886	0.730960599897041	0.355561117948779	0.148079685649282	0.111892862549655	0.54709572759438	0.456184230850126
"D-Sedoheptulose-1-7-phosphate"	-0.616925492910409	-1.69175776031974	-0.533022631237481	-0.282422260953431	-0.454884411261172	-0.680867028331709	-0.755145443978052	-1.1097003537055	-1.41930130222778	-0.92945222379376	-1.20915034443457	-0.492397343220994	0.331153381688505	0.216222027202702	0.218744805937601	0.408737619438229	0.52033043474849	0.202492965521793	0.253723560088975	0.239826004816733	0.330941524787978	0.146467721671005	0.178276971674743	0.727329012427046
"Deoxyadenosine monophosphate"	-0.874420856590037	-0.855954511169721	-0.736208003943248	-0.840276337987564	-0.384734876095485	-0.753340902641363	-0.808787170491574	-0.97318721574869	-0.82587459836532	-0.546680180691798	-0.613198606273964	-0.486871596691951	0.179931405461002	0.0593315765782887	0.339524879551975	0.0843632711881223	0.33062669220708	0.121722339669826	0.0684075726902626	0.153126732581284	0.278561589899299	0.393573225751074	0.285379477080085	0.477057862868629
"dCMP"	-0.605923200867763	-1.28942424585835	-0.989212007877337	-0.730453213424133	-0.260641522159958	-0.526593745475806	-1.24601064773883	-0.780438255089126	-0.869250556435808	-1.01736415897367	-1.16457100409687	-0.233237166380497	0.291621058762483	0.05460976142251	0.277997632740365	0.208907854031402	0.114805619194287	0.214558630800696	0.0629634579013561	0.19697988261937	0.21415997514148	0.336952558043417	0.309222849263329	0.668278644446932
"Deoxyribose 1-phosphate"	-0.284590993123358	-0.124814052430088	-0.288206526657053	-0.439077267862845	0.120729885488803	-0.793440539498344	-0.286840798759885	-0.197735501630499	-0.872366443730109	-1.09068755021651	-1.43529290256676	-0.541978133962326	0.127694992190233	0.550184962383613	0.2822284242996	0.361511808683621	0.274136686836217	0.27753663753634	0.668117810938276	0.477541914566103	0.310951968778945	0.38617083472479	0.136557224227003	0.56821943745806
"Deoxyuridine"	0.654457964052752	0.0838724162019333	1.05533521342114	-0.350374354324494	-0.200432547638461	0.655570572378418	-0.262482991712022	0.595592649975106	1.26722418733792	0.0950186393143196	0.513090107097421	0.632676799917784	0.18689079739855	0.990399729932547	0.215286174886811	0.469500453394803	0.470899934169643	0.148682107910143	0.724202736172956	0.164063371282233	0.0820930316791925	0.139004802097618	0.167997471951429	0.315633748260304
"Dihydroxyacetone phosphate"	-0.604971648806343	-1.38846209165913	-0.611342587322635	-0.376098024333209	-0.378472540593799	-0.944747388080022	-0.741586252520815	-0.647766086434534	-1.00609327005865	0.653327703598852	-0.882750584506948	-0.783114125901313	0.48507082281516	0.334663362175917	0.558765845068202	0.28395588153494	0.261826393554688	0.426069849800192	0.450351079120375	0.14209484113471	0.42194364342188	0.237154885679174	0.194872298370443	0.761964015028753
"5-Thymidylic acid"	-0.643135326317963	-0.85266994718517	-1.18737210112574	-0.694988635478787	-0.285200116955805	-0.436680077373426	-0.470329849184262	-0.587253916168707	-0.432838747464856	-1.35699879364026	-0.805078638403471	-0.162728289470333	0.395495340732069	0.521905961393982	0.282052931889697	0.333690323267486	0.372141614661222	0.342888298896912	0.372563664751552	0.412035721932395	0.22665670575965	0.439286416073719	0.419441176750563	0.392184124624814
"D-Erythrose 4-phosphate"	0.220127492726479	0.381440424268826	-0.441943460124154	0.0925927706731672	0.181208239375146	-0.33682998114475	0.163460568472601	0.334370291736636	0.108492971955017	-0.0887882550421975	-0.254737783252907	-0.203275179715608	0.296972802542077	0.300491890811859	0.175248854877857	0.513976476911682	0.600881893427511	0.175422236280593	0.357893213711941	0.499919815328558	0.162341901023875	0.299758527890115	0.246943920839762	0.231114864078165
"FAD"	-0.286071853675301	-0.25744386748349	0.23273782824301	-0.84795698079577	-0.288596452347309	-0.454761994351647	-0.184321333116025	-0.0918148812003533	0.271189112312006	-0.860981459391156	-0.409722698073776	-0.262758874781424	0.278943866464453	0.0919804929649523	0.46166465449055	0.543496742673936	0.404986322585292	0.181954858953577	0.106050818492638	0.355290083912159	0.425237429974758	0.0894209404288488	0.193233137834036	0.258022554472038
"Flavin Mononucleotide"	-1.03043544690788	0.399242517991608	0.242002156467848	-0.602635973476849	0.63725118299633	-0.557137485026403	-0.94778231280704	-0.299122749754658	0.0215140647912212	-0.939039686868851	-0.127267412993589	-0.00699463812893083	0.226589354774471	0.67554302721654	0.552662150502065	0.358121138433716	0.279921291328934	0.445440937908162	0.0861463162467989	0.505081482288885	0.603402100787392	0.561304159377435	0.483501103100586	0.44856819996503
"Fructose 1,6-bisphosphate"	-1.66246988043485	-0.547648958848514	-0.998821759921636	-1.38538926222962	-0.757504582811451	-1.72040908715066	-0.515616371741409	-0.676550609168061	-0.871884038126743	0.0552625584405238	-0.710466897442092	-0.434051371116655	0.419676236280132	0.919724225720107	0.382281897040882	0.54014748397622	0.30172957395159	0.325905560664303	0.500191337243365	0.306143341566909	0.383442638321989	0.367118531997609	0.512612170158984	0.861474438605035
"Fructose 6-phosphate"	-0.801667285525383	-1.31970410609104	-0.816029276860567	-0.235055154098749	-0.884943866222892	-0.640697170250493	-0.48148003360765	-0.842395289168375	-1.23507013096074	-0.0788630233699065	-0.925443030697402	-0.380590780648529	0.395463212960217	0.0933471882229728	0.175685593371312	0.464826341155464	0.3083984665388	0.0851400063093181	0.280703551273914	0.17533909016862	0.20331461999673	0.433411637066736	0.109830885781362	0.720783586128251
"Fumaric acid"	-0.147245744577569	-0.442816206260244	-1.58356449701174	0.0711676928651618	0.0608588489028639	0.157358378106783	-0.324724007047381	-0.597084502010397	-0.807614327978483	-0.308991421644259	-0.269481799402644	-0.749123336955245	0.177776882967704	0.250637844603047	0.610914672223314	0.22498343118242	0.172436944350119	0.22215095054729	0.264856055153993	0.20471093165763	0.225313167728483	0.134141026266168	0.234964228238836	0.686317668417554
"Guanosine diphosphate"	0.297786734608109	0.318340297646847	0.116392114108685	0.192447294208629	0.0265934563329467	0.176675056784377	0.370838877519151	0.187856992535761	0.0535754688998255	0.316534885761882	0.209011177427485	0.134111367855509	0.200268726735885	0.0660377173519157	0.0983610277511015	0.51971658441346	0.305152419473303	0.130635128808915	0.076139556886531	0.170434370168507	0.182993286596365	0.418770849300011	0.138732408665934	0.184172218800044
"Glucaric acid"	0.898036936136768	0.775478317795798	0.207661599306186	-0.751549773371769	-0.334210714833576	-0.73977962183919	-0.409236343897433	0.436752002260591	0.237921336150282	0.18664575880957	0.00307018440034398	-0.30828783080473	0.296882651808305	0.753916166601166	0.654860916922676	0.340247048043361	0.728882506858727	0.306845943878268	0.242278293653794	0.499713128976131	0.607561054128472	0.24645944957588	0.244034397452856	0.308586752336304
"Gluconolactone"	0.464809044805543	1.05947282717024	0.464872968669752	0.598090214557037	1.05077828243978	0.279115141974122	0.618588199007101	0.810108320051018	0.309668040016306	0.260462452966172	0.403309721479355	0.292411091287317	0.410817581663071	0.627245059112441	0.141998257023212	0.215456155309862	0.477058953870328	0.151203325812743	0.315648360881508	0.307052556160738	0.206391364297837	0.16064581802641	0.174272693412501	0.387042120558442
"Glucosamine 6-phosphate"	-0.41829941160413	0.117611071591037	-0.633360855176494	-0.465059151037898	0.345158215023275	0.113188754212624	0.44351819191774	0.308022967652327	-0.412333655238644	-0.534517631571414	-0.22687061432241	0.374415773803328	0.237438582002244	0.554847947285018	0.116616824474573	0.623952985383908	0.693757932939397	0.264917451715878	0.530285277349652	0.408125491767101	0.368511028624503	0.36014577566226	0.347221020166213	0.485470735043503
"D-Glucose"	-0.410100250266904	1.36905940594069	1.16864278240144	0.400070753512784	0.343895319447793	1.15462120056436	0.936307069908927	1.2042443759996	1.23905339992536	1.03284988914863	1.31473545398866	0.754560686787758	0.93844488401074	0.191031194986162	0.107835320963165	0.297548372270962	0.34727375868462	0.0897227690703838	0.158749834677361	0.0949725105748039	0.0701582406172722	0.238384940167665	0.177462180729796	0.599558728630099
"D-Glucose 1,6-bisphosphate"	-1.07584621938982	-1.04836524284192	-0.550437979310791	-0.682755966816352	-0.935462523129219	-0.495112279607518	-0.614666440317445	-0.979989563639465	-1.11218753803336	-0.815807291611759	-0.710920881948642	-0.349319787135011	0.154817309933307	0.301858012935065	0.217310335983681	0.336535177235917	0.100063718620107	0.130956800592032	0.180347104729389	0.189430280656506	0.0823096570415991	0.14428721343626	0.109668024482193	0.711460482527924
"L-Glutamine"	-0.264303387985241	1.03842833829709	0.898969225650951	0.477421339494119	0.126727382934123	0.828175744004873	1.01798024233615	0.935934119145353	0.96095105349368	0.602314650500744	0.857538971389097	0.275436260761256	1.0702998718721	0	0.0569339443273934	0.331515967278871	0.490899257619881	0.103789901128672	0.123768883752097	0.147886571668887	0.0490009373808655	0.160587436822451	0.2144912789745	0.529961497513886
"Glutathione"	-1.25142066770455	-1.12710334091234	-1.00212079526347	-0.434631496087647	-0.904055792723495	-0.657705536055791	-0.886305720886791	-1.17446595529397	-0.941781625671791	-0.895463191016171	-0.730354134918479	-0.325175897596519	0.0655489373657334	0.256704846557929	0.179763366200702	0.295297415840648	0.318613554512118	0.0766716724608846	0.247598837233824	0.184570948781305	0.135733861523156	0.200266517529487	0.178593714722333	0.528305414787717
"Glutathione disulfide"	-1.02524319506963	-1.33886934692489	-0.662120576906502	-0.921357179312665	-0.35864850740734	-1.17663443077859	-0.719672893907771	-0.568988996362923	-0.511422800150127	-0.0944122699019067	-0.532149540333024	-0.414996479198136	0.475775013868739	0.554959816090322	0.467472818153121	0.497733570707521	0.383594050281224	0.454155836753372	0.401030224294242	0.339777618932215	0.364136924504063	0.0505656010342921	0.222036966976452	0.773197757347646
"Glyceraldehyde 3-phosphate"	0.0382201330376127	-0.668601097773106	-0.623570010798096	0.205498739014395	0.328867299962888	-0.142569062322655	-0.470263430760202	-0.130784878301877	-0.532445811810548	-0.190415873433738	-0.18083308310404	-0.068222142007058	0.60430021194303	0.215295007511638	0.180282758840356	0.468960605716856	0.964158695174947	0.109108217565805	0.294300778928162	0.424314539912188	0.18971685241942	0.116932315671338	0.114107879442016	0.372537566273683
"Glyceric acid"	0.334660859586783	-0.475424651322993	0.346877565786701	0.519873844336398	0.617432686651634	0.217147623062319	0.300581953997587	0.399730710908373	0.479432884242555	0.38129648812654	0.587815053588041	0.30100266970835	0.25105476108791	1.2279447839027	0.176063024504203	0.320075039240769	0.0776682741327535	0.205747466640941	0.0832210302004375	0.121278522647062	0.184740761083162	0.0352398766698218	0.0809147102799554	0.244958193812872
"Guanosine monophosphate"	-0.0339804860124636	-0.933836295762767	-0.408999949428818	0.0976291869860175	0.44538177489463	-0.236988637216927	-0.368151578673152	-0.73716280036495	-0.186079498874467	0.471523633974683	-0.618679417708444	-0.42775375050509	0.455042678271811	0.535419650760111	0.656039444184873	0.49894365783427	0.467650953299864	0.601925478088567	0.586033437498619	0.283449668329893	0.570139571312885	0.752705646525128	0.556060715648435	0.38942368115921
"L-Histidine"	-0.748436142879578	0.246689981327938	-0.0772593366773436	-0.521484969975653	-0.592883611058003	0.131475385300794	-0.150299459922962	-0.197285376434256	0.0754785234044592	-0.352088316404658	-0.0973639802353924	-0.374505974831803	0.563786209355435	0.166838704346145	0.106265987726465	0.176248155030952	0.25132967264247	0.111027504548435	0.309158290173955	0.213249687590962	0.0872465832246935	0.153311963591681	0.0520991869329486	0.671984831600404
"Homocysteine"	0.251137566870696	1.08174963126292	0.875736075847198	0.202304229366777	0.501489103503314	0.688029431458901	0.672034950752752	0.41553702564223	0.909882763115328	0.219831380655061	0.779242446422684	0.687971605328239	0.22062532853033	0.127191044601669	0.105039846228375	0.35705015064273	0.268574865830377	0.172291695782652	0.29919665453081	0.2419502769143	0.114912116689988	0.146888048479527	0.259431315350982	0.394188446604562
"Hydroxyisocaproic-acid"	0.297707034192898	0.403455037916745	0.703091210913524	0.502601161314617	0.684409949519544	0.632015953675239	0.24901919657948	0.246570994893823	0.813855433147358	0.278911601686395	0.452361140068003	0.345010505800985	0.185446812657249	0.117714560165975	0.0924689137711746	0.223353022944378	0.289913983592343	0.0945052852434038	0.143061717571924	0.196118969088501	0.0992522606162613	0.099296319909034	0.0819712423886817	0.448931732185091
"p-Hydroxyphenylacetic acid"	0.902015841353297	0.243001306517037	0.0671893104712627	0.499119119721238	0.93930470190091	0.271035730572576	0.459312017113792	0.553737402205166	0.0184331537148784	0.247529072980828	0.461299566854918	-0.0736649561623769	0.611467826010343	0.131273399749442	0.210756991097572	0.417696171045861	0.745580925170902	0.100652700459958	0.285384935438689	0.299579427635776	0.143076750989808	0.0540299548937637	0.192597174622745	0.195435841057772
"4-Hydroxyphenylpyruvic acid"	0.491022888833802	0.98263086188969	0.880007932070953	0.470185628074499	0.976704769529515	1.01871958727113	0.707441466152928	0.953223603445688	1.09568538179193	0.542996485589742	1.25139850788403	0.207108720764705	0.358737575232187	0.245427642169911	0.210041585300914	0.300449009605681	0.250569080671896	0.0986756834020548	0.250505117994703	0.182223433869427	0.144924849040271	0.266620835415452	0.192960075494282	0.642710449309952
"Hydroxyproline"	-0.00923557062560141	1.02005560017233	0.322692818952365	-0.583795675787164	-0.187989625702262	-0.190809663452753	0.488893923053307	0.435248589271662	0.674845536668379	-0.551631236185332	0.371860461852904	0.232433832600287	0.26178665377155	0.205965622273206	0.212347405468749	0.280987066497452	0.486733109937773	0.176107791545575	0.333628046079005	0.264986527538737	0.200551048263539	0.467855368829059	0.0831969849314276	0.527341917722805
"Inosinic acid"	-0.363411308987754	-0.345083111491446	0.0347573137030042	0.00836410104022616	0.0422207543229314	7.48624842119889e-05	-0.0457388793872119	-0.00524429019148144	0.972737965530923	-0.282355925811202	-0.44257500152051	-0.375068732878774	0.178585326983521	0.058887713217902	0.500472813788993	0.395302110445221	0.37617748042845	0.253358432253116	0.282009490775887	0.387259792781497	1.00709767261969	0.415289333656898	0.123711639698451	0.316055455674629
"Indole-3-carboxylic acid"	0.673187281825767	0.917718593537647	0.731061494692233	0.578763655544943	0.229747335678877	0.810790692433243	0.931767236695898	0.911343185761512	0.738155736776528	0.936433182789853	0.917099349455975	0.424513085296249	0.218644465232376	0.20058670007943	0.111070395921102	0.258024093094212	0.59906867753701	0.124233661540018	0.150839492696022	0.0562956789387862	0.0653544079525247	0.195422167440873	0.0948952943072286	0.684820435657777
"Inosine"	0.785525309687852	1.73578272237981	0.833240518514172	0.808090583161941	0.8894007109627	0.822671107499965	0.745113759348116	0.733520343660539	0.76640464713106	0.545028911530986	0.609257990399618	0.368701555349038	0.18537971892805	0.811987544668545	0.148660020556606	0.20291818030053	0.364392497436268	0.106717018766024	0.114373088084054	0.231280744998345	0.160395397148112	0.101230417742711	0.128291164251658	0.650615487788404
"Ketoleucine"	0.578148456473038	0.426353592948627	-0.055398734729739	0.627472915798762	0.846037980207097	0.0685558311000943	0.690501393363897	0.560162386440894	0.0650400154963275	0.0896685672688117	0.349755106752187	0.0916058178252725	0.458943819045526	0.313708700432487	0.209069250978677	0.47168000567227	0.726578252628418	0.0619829880848005	0.344418645443573	0.445871829489515	0.146163702269321	0.136949762250629	0.166129153714946	0.150257265744621
"Kynurenic acid"	0.957425098907692	0.645376994197041	0.661139236848451	0.65316026747498	0.86740293940623	0.919023579315287	0.730550373458616	0.753019320204829	0.495580320079	1.31703125466065	0.871717910838112	0.339733220403135	0.170611334488225	0.0808249297600012	0.17487199275581	0.2239499007173	0.342906959394663	0.0762231184537576	0.182746803308114	0.143669088259135	0.104494964357222	0.366115137025619	0.0894836494877595	0.676890507654048
"L-Lactic acid"	-0.525107565324729	0.131364971412701	0.131364971412701	0.131364971412701	-0.394212354346809	0.131364971412701	0.131364971412701	0.131364971412701	0.131364971412701	0.131364971412701	0.131364971412701	0.131364971412701	0.65647253673743	0	0	0	0.52557732575951	0	0	0	0	0	0	0
"Leu-Asp--LD"	0.785684752759267	-0.017916610019223	-0.431751930262104	-0.154059397087893	0.335288755901785	0.0815852912987574	-0.309024813352609	-0.216681928331398	-0.14517260539496	-0.655420693040724	0.491944707128478	-0.184515876984106	0.796838659372734	0.484359801766389	0.230427195005568	0.195996535871243	0.508713623642	0.266722006662953	0.310575854989707	0.254953274779515	0.221127806399109	0.225195914579844	0.622076142912368	0.283299991961456
"Leucine-Isoleucine"	-0.965379715437589	0.814453881036134	0.0087294147411924	-0.511922651286729	-0.42845579343235	0.00959713241508991	0.0725691469856863	-0.351111568343011	0.268409354892829	-0.185995069901388	-0.352669347392469	0.07401950490529	0.742577181183054	0.318833662839386	0.110335345207852	0.365297573896258	0.377707281847965	0.0981864767280007	0.128831964144044	0.203506737221769	0.13015827273737	0.0839168307899358	0.0900928878503281	0.120041012525597
"L-Lysine"	0.735196118604322	0.6392826404164	0.222066152294307	-0.797056883057016	-0.271851142292968	0.122416169053377	0.063004095208594	-0.0328344096316717	0.174076545622597	-0.35372424709282	0.529048567982354	0.131077723141839	0.525574716757022	0.212460280913998	0.0932605749767535	0.12851314780004	0.202799747020396	0.188006470387942	0.353081868981403	0.254982031433381	0.147678193795789	0.347206675078278	0.139735334940788	0.247077069829387
"L-Malic acid"	-0.150887129657528	-0.378639848192417	-1.27818528264728	0.103010626237939	0.279730045064581	0.104559703610182	-1.09113341104707	-0.311180248456282	-1.23135013703967	0.3484320545033	-0.0122704467571119	-1.5053926159201	0.187849166865117	0.295828374049747	1.03808415811279	0.189816367154588	0.138504329666311	0.165437953460985	1.0821464616242	0.140553895465994	0.800132067257404	0.155260443746393	0.126889422782068	1.14607680451621
"Maleic acid"	-0.376419085277879	-0.677756127752146	-1.13332603831745	0.0573590151961172	0.48567383389114	-0.554965779290386	-0.890042035798479	-0.364575871608707	-0.835915708491996	0.0295871191447577	-0.0876726871898043	-1.28618537679804	0.158743558932388	0.295482332450469	0.653571481003108	0.178432803716966	0.268369160667956	0.55164335276573	0.726302615419482	0.198703839115832	0.341978918061558	0.195758210100679	0.10867530095251	0.943124222692159
"L-Methionine"	-0.262299152717581	0.50372332641908	0.369795413845756	-0.535595966035464	-0.676602927234444	0.179538572173762	0.0894554106778298	-0.180211019177228	0.6204427713827	-0.345944561225467	-0.262870703826141	0.339580255586507	0.744845025931552	0.572394604426098	0.214375640179326	0.230147355349613	0.229370488088108	0.229338916415483	0.177662973016849	0.392362413259856	0.0773421062686982	0.0690756673125801	0.120667960316534	0.275783848505815
"N-Acetyl-glucosamine-1-6-phosphate"	-1.24974002813991	-0.586830374160732	-0.322457691563376	-0.706747606540284	-1.08937838728752	-0.207603603588539	-0.243602789847642	-0.678426401306781	-0.444590949810361	-0.341675231435706	-0.452596875562027	0.0597340907019437	0.676287186866448	0.146847386508713	0.0860779758786665	0.140656512537531	0.674960378724218	0.0455352718456342	0.206911126957558	0.394100898622731	0.106095845082942	0.153449793136314	0.207435117933509	0.50826680626979
"N-Acetylglutamic acid"	0.0639028298062752	-0.2311675574076	-0.111777626826344	-0.284091961514025	0.556763244696261	0.363537694800412	-0.0347645531499493	-0.330432297261681	-0.0786267540044095	-0.239037118603462	-0.0167147812108374	-0.0692336687382175	0.182373609846735	0.126208254643288	0.322880545927097	0.199079299508101	0.500917175321492	0.173636141756558	0.151566334436297	0.182270811905275	0.140097029512047	0.374146427741475	0.207935219855715	0.137691291144422
"N-Acetyl-glutamine"	1.59110266253573	1.07947045474493	0.900603827680306	0.85443601277184	0.936207194319152	0.805498535100147	1.10851210610328	0.852967765229743	0.89007494712605	0.699890886212882	0.791323145319625	0.237697522716755	0.806229411919859	0.0483652679171226	0.113779914717267	0.175704243521236	0.304830195762662	0.0405283182124043	0.111326977929154	0.188483988502213	0.197451711853784	0.136100152854572	0.0760874069515234	0.76506933010113
"N-Acetyl-L-alanine"	-0.830032632292064	-0.532205807359924	-0.412594624376696	-0.679091200817997	-0.704753221861317	-0.675783563284209	-0.636712536021502	-0.76077850635439	-0.337945098921172	-1.07436153058979	-0.666796591140202	0.133390935305328	0.0614307917446247	0.0260471734441167	0.173198217212328	0.217420704797949	0.090840006657411	0.113634625894751	0.0735218272429649	0.109965886557472	0.0956588519439102	0.0874073239744388	0.107501863998243	0.4621688783224
"N-Acetylornithine"	0.676491321079866	0.681723132347198	0.724308317205972	0.766111730500397	0.431400186990307	1.05420562053397	0.87624339806954	0.825035467830507	0.897741892262514	0.437037325582414	0.630204733922797	0.173137519340984	0.385872132240335	0.785839340852884	0.0795560672558079	0.218916688505173	0.31525161887603	0.227798690215833	0.187921817486811	0.0866844004145549	0.087076678086506	0.149064992240514	0.235417755889624	0.481945816960347
"Ureidosuccinic acid"	-0.794120302409246	-0.802325567108167	-0.663178672852273	-0.426594018262805	-0.60611007020624	-0.624638913875111	-0.984023337515847	-0.602873610360559	-0.611802672187005	-0.534354930342034	-0.454658560524362	-0.332955256697928	0.140965864223978	0.178784418557111	0.44294587012099	0.05890507147273	0.153007211931272	0.408330117174615	0.297949388501085	0.128419618753997	0.390240130946352	0.038057692282152	0.0881342547785805	0.62123986497089
"Nicotinic acid"	-0.562981320321074	-1.00710185449607	0.123723705978408	0.145402250194273	-0.236697753076745	-0.325010534397433	0.433422845501995	-0.659781886532096	0.203592969241482	0.423250465191333	-0.506885920523513	0.0947426746330458	0.485914977384448	0.142253826992021	0.049691849442282	0.440167110249982	0.627709235039385	0.203164782598407	0.215468457671619	0.173134353769381	0.15770544473196	0.186687826633545	0.314127833118511	0.383565754824318
"Octoluse-bisphosphate"	-0.465100378722111	-0.442949085490549	-0.660595700955903	-0.434967592520042	-0.757374852893793	-0.595626666752251	-0.386369531142712	-0.188130801586395	-0.728295394932168	-0.90994449638123	-0.560776899391398	0.298876534984517	0.215836606172713	0.071171156000945	0.106007117314207	0.0948665193547468	0.328873427509081	0.14079004400041	0.0820582615255545	0.538087049603896	0.197218260559664	0.0691906674542157	0.149516765501339	0.477827951685728
"Ornithine"	-0.117031441171537	0.086437728893365	-0.369466710051705	-0.485426092763139	-0.417117891511546	0.0837657449256651	0.169266602224917	0.123772362159187	-0.325876141385612	-0.518603476642606	-0.444753323806695	0.126883989400692	0.595802464662189	0.32342921359717	0.125142777869334	0.442470815316128	0.329403633471628	0.219758912424421	0.263778523907213	0.233879278929499	0.42638388539992	0.222272498751068	0.190781462299652	0.245551494250762
"Pantetheine"	-0.493283446683244	0.147818280789849	-0.41431752044955	-1.11607476351335	-0.990426624670943	-0.677934116380166	-0.415212042342128	-0.837171711829516	-0.555177398624842	-0.807766244324505	-0.497970003039037	-0.369292068017512	0.336330985381174	0.401843074750827	0.366412189411824	0.37082712362474	0.289998027768136	0.218370731191771	0.21216904117287	0.161970307487912	0.350357232473335	0.321509639827554	0.263348851327942	0.311859363520534
"Pantothenic acid"	-0.401237697313347	-0.196550280269299	0.075058065140643	-0.00138349500123653	-0.0242265757267816	0.165209524908071	-0.101061982891624	-0.253391340123818	0.159607951791809	-0.198927206819291	0.015770114834286	0.258819683559395	0.212622242154515	0.0525800082455272	0.132625237374818	0.120003222642815	0.105095728026389	0.11270782773696	0.10271738791124	0.0714551350026114	0.108009283871428	0.0372555823115666	0.125172903174725	0.169575506161537
"L-Phenylalanine"	0.59091045361544	-0.171214391956808	-0.0223723028813392	-0.470522869797802	-0.826560578037373	-0.176730312187223	-0.425229676342197	-0.538928743186087	0.171676203080312	-0.254224123846964	-0.232539428673373	-0.0990489142255863	0.729560084947032	0.176207923579038	0.177997280404749	0.263689066960404	0.649126550887182	0.0910909938776014	0.211256207369951	0.278435588991616	0.133976228418557	0.093810344857285	0.113966658311936	0.175780155442037
"Phenyllactic acid"	0.42092084894432	0.288654181809392	0.453421842633309	0.380462908053694	0.627690028128673	0.939206009965057	0.494489313299786	0.180049285540649	0.245741229246652	-0.00137726398916898	0.308412968775122	-0.279713811185326	0.205082387026423	0.0623144572664145	0.161885317554506	0.100995734229639	0.446560499201828	0.177814593577791	0.160770464581565	0.176142876305461	0.101153785499201	0.121019921994157	0.0892071453191456	0.504340933709996
"Phenylpyruvic acid"	0.541231975559763	0.624142624436136	0.582975488306496	0.500331309541963	0.986009601279736	1.0011162694251	0.522981314578108	0.736536697164645	0.843046786408532	0.420172472801291	0.821432974504876	0.19713281098926	0.315481162178611	0.0645455684565439	0.216086094639076	0.246659383204832	0.277990087156502	0.153005045204756	0.159159454920518	0.135746118438937	0.0662242726968154	0.284568153393461	0.193599928823913	0.586422381633077
"Phosphoenolpyruvic acid"	-0.385582304373721	-0.770851538044298	0.346306740738545	0.573546097628563	0.591588959550409	-0.236471555317777	-0.349294916333407	0.127450452341054	0.197366636460628	0.815424376435273	-0.222550661216312	-0.0986734433453606	0.553727061521645	0.0651209586466827	0.48500254348378	0.716631956261004	0.516617197941237	0.388740596599309	0.377086025257977	0.126799951725556	0.362782483530567	0.107713465956342	0.425410188444694	0.343740930015395
"Pipecolic acid"	1.08877224564559	0.749443203551675	0.10577004241425	0.218905782822556	0.636647752646067	0.108528862029758	0.84278326971289	0.457959286424648	0.502254139370708	0.427110823317908	0.724652216953154	0.236760817478586	0.233159410324836	0.367790415182206	0.211521138642293	0.252191156034157	0.195173992993714	0.121580199108157	0.128831268413339	0.122030321397362	0.210405642122781	0.0840156296731626	0.175546126243519	0.434729293463417
"Pro-Asp--PD"	-0.396058554802312	-0.755728840839836	0.0339396140870608	-0.556636835097019	-0.840101579023884	-0.085936010350621	-1.32797985992893	-0.499418514212272	0.017864449596764	-0.63325612518023	-0.144838016715005	-0.360890007215916	0.19026306462758	0.848795776390386	0.120476818669014	0.162820306632121	0.268926957461948	0.167554603016432	0.478256588275588	0.342655744928454	0.173256756382803	0.394967048810467	0.272514122085716	0.32001727917339
"L-Proline"	-0.473421193838868	0.2635483137466	0.0737659808341461	-0.397224182364025	-0.756575867047429	0.466564458565012	-0.0442243221343668	-0.13088757643669	-0.181686803985718	-0.208442056417559	-0.0537671407375063	0.25300793749012	0.741054059110954	0.0895774882791504	0.253886216370119	0.23588431783573	0.306416643827035	0.24516398688226	0.130591151189313	0.26739047338846	0.192920243151787	0.152346825865724	0.254167737311997	0.18560647778311
"Pyroglutamic acid"	0.17270622108337	-0.085665334033879	-0.568212066172152	-0.201564638874732	-0.027437261986208	-0.242261711362814	-0.301969479174943	-0.374056502122029	-0.524576220705831	-0.783589824627103	-0.570883106319811	0.343688610139108	0.629038202902082	0.154665633592819	0.326486402027596	0.236007928825127	0.629206063711098	0.690465295735491	0.0676313796971134	0.279681902481387	0.164118766047325	0.274662316873284	0.229031501601068	0.834348593623678
"Pyruvic acid"	0.902745430983619	0.309623071573388	0.859622368153975	0.916034267086868	0.932649619850785	-0.216195342952698	-0.0123842921294184	1.03508015085567	0.377045770173439	0.841874281898221	0.84244383965773	-0.148828460061001	0.202483569479033	0.350582986251935	0.0801898249584326	0.362702500887169	0.164463701016442	0.394144214144564	0.494167247694375	0.0934371233074689	0.258719441952682	0.0296228879522864	0.0939945513649371	0.482541256838682
"Quinolinic acid"	0.665301114070234	-0.279892563122073	0.628020771099093	-0.216782686872613	1.10320239193012	-0.568446589637616	-0.0612555316604315	0.434425186886095	0.297292177010187	-0.00209105099435655	-0.444603178749702	-0.164153602370057	0.583024768204397	0.400645281181504	0.288653943502312	0.281472102651175	0.242436735375322	0.426699048325714	0.224225593721173	0.0976728060335797	0.429570109008906	0.0777843214359668	0.379301647788724	0.268938799086087
"Riboflavin"	1.89397516910296	-0.357669885602748	-0.122077643339125	-0.298102080672371	0.189623746450157	0.0806694625704624	0.0228490220708972	0.165302098844475	-0.399005167511316	0.0359627095400613	-0.469860820032021	0.0207692045114307	1.6764426018176	0.0677663297977907	0.484167555134225	0.554729205358897	0.368186560695751	0.440998089405383	0.286126041198814	0.3885541455777	0.169745256618903	0.472260027986465	0.14236388743114	0.432139044460734
"D-Ribose"	0.266523471072391	1.09591642857509	1.04989490951236	0.474826082395148	0.401344211196615	1.08401584509499	0.87410388276684	0.957066180532858	1.02278102885208	0.992744439787772	1.21661095891983	0.507313656398312	0.440464213690148	0.156210587209719	0.110007811062641	0.246010010097023	0.331790692761199	0.0587966746209263	0.164372012839049	0.0869893674579891	0.0508497006899976	0.11706940011301	0.0712080147048093	0.729321967117474
"D-Ribose 5-phosphate"	-0.347339027596654	0.395591662245642	-0.620678456470847	-0.607395971285284	-0.688441711889314	-0.239030733835024	-0.150028250774904	-0.618996116575549	-0.615561825460339	-0.920787134522117	-0.304881341917539	-0.0543492394175442	0.332240852651437	0.25508192164677	0.374391570266271	0.568291393705624	0.411240971184945	0.347860928305576	0.377939935623843	0.328432768376095	0.357938901542273	0.26422812576414	0.105109138884827	0.517818771646088
"D-Ribulose 5-phosphate"	-0.687193911990006	-1.8161272664699	0.0219026297237798	-0.0712041568633806	-0.713180133217626	-0.175202534158046	-0.363328631371507	-0.818415362531519	-0.949282035890697	-0.187169940235944	-0.867353419957637	-0.221897249952361	0.476919926572632	0.357534094504091	0.412397066734116	0.478246966038414	0.415006245134024	0.311250235090362	0.393078899764491	0.191631425093032	0.173074739484249	0.161279654117614	0.25615389540156	0.601139077120993
"S-Adenosylhomocysteine"	0.591647034823826	-1.0628979738555	0.234884308250435	0.42771075562254	0.0890594100717808	-0.0825334134986272	0.0722171784316976	-0.679414186602505	-0.171010011623941	0.150954576566274	-0.0436455555372542	-0.070733144903791	0.448315822946056	0.65330335726145	0.723942057330504	0.394560035147355	0.484190979340641	0.524887167307267	0.465603055990273	0.385754983297261	0.704448339841102	0.349045197188729	0.16091430377206	0.226684399067793
"5'-Methylthioadenosine"	1.19782594457878	0.684665732771192	0.787553504365226	0.219862423584806	0.0971903526605182	0.701335408750869	0.247143337040753	0.432733995069646	0.587906900521561	0.128650505313706	-0.264480872455917	-0.66743588352516	1.40441726595228	0.617020284163112	0.0377901000947394	0.333827741076636	0.708814766097596	0.249815200845302	0.371956926263162	0.294017245754538	0.382683740398719	0.336125977166213	0.26485133638331	0.47933479573114
"Sedoheptulose 1,7-bisphosphate"	-1.15052935418739	0.0942475935030649	-1.28642469946127	-0.825723689694114	-1.01057967606658	-1.2412625480894	-0.600034046827502	-0.92869811488716	-0.927036371288014	-0.352743438665354	-0.894158544491334	-0.440917024369349	0.150035252933096	0.0752734729175164	0.0736890972341274	0.223008940197009	0.332544063377002	0.097867874391799	0.311153044039208	0.251638875463807	0.327616547356644	0.373306730481919	0.274384638699115	0.774944016847972
"L-Serine"	-0.68387970072872	1.03578861497487	0.686191824903988	-0.387089478097031	-0.601629846642189	0.741773163679012	0.311394865656146	0.376479054677293	0.680934636773716	0.193039267534386	0.55914648827237	0.61974326102298	0.924101324083495	0.0645950746387259	0.168541008607735	0.335591304675985	0.671874806566931	0.116782314564148	0.290989792096469	0.338859312710903	0.156691737691803	0.203015732444711	0.192052452250982	0.298956480484882
"Glycerol 3-phosphate"	-0.771984685498571	-0.653165735149143	0.297920568990825	-0.194093620514087	-1.18909495393004	0.201492675255577	0.464811129772296	-0.348113445766285	-0.368756952756061	0.255954684286508	-0.307549548492326	0.437713102169446	0.885344865609488	0.400161214572423	0.170804860088488	0.287832323108934	0.570936158576593	0.144349886224234	0.448180265543426	0.167745676641445	0.0876545965843771	0.0543920752304238	0.12585545677185	0.370706514160069
"Succinic acid"	0.649920322591958	0.357979268172871	0.251552913896776	0.549284633373645	0.569405074843389	0.649362103893142	0.797845001319698	0.402493498546335	0.15769584324234	0.143174759630713	0.438689130953457	0.167435285783281	0.456394534778598	0.159648815692235	0.193631452371475	0.105532041158646	0.465836013040962	0.119390539637941	0.070054229363648	0.248260410516612	0.120171444632769	0.242662005814681	0.262836434196827	0.341904120181391
"Taurine"	-0.786144983717815	0.233764551009738	0.243949463305171	-0.203948525605561	-1.06248705969093	0.244221502154799	0.407639619181405	0.0133128467090023	0.511356554959944	-0.387781133812626	-0.42801020767177	0.322582869570096	0.719306343684046	0.450453563581105	0.0945455320238738	0.173324226898405	0.749223526905014	0.159509587692165	0.0691446238523596	0.165709507650409	0.0773060396062647	0.109034702581907	0.254608426925923	0.238841446159623
"L-Homoserine"	-0.345985998610997	0.869208704190557	0.799715950876895	-0.318657637298905	-0.577307150650605	0.666523030076611	0.387543386964149	0.435433231286697	0.795607405041535	0.182903924185197	0.665396165709062	0.407162546653063	0.889587979757443	0.107985831780101	0.161049402350242	0.396483826674412	0.792096122624756	0.125347924056443	0.150337999192389	0.226967119022509	0.142720277282696	0.111775853932856	0.149788006981606	0.387883701086427
"Trehalose 6-phosphate"	0.532194263038671	0.554139062866263	0.338521339801021	0.101480884942715	0.242644358960238	0.402884735458645	0.610191185038908	0.414823558001803	0.271452739463886	0.0914969631355894	0.437409634785171	-0.383721973073385	0.213824586601475	0.0705077015419413	0.105018923520259	0.416617751071119	0.325807683544969	0.139477605258033	0.0812933179365184	0.181970791635506	0.19537980040646	0.0685456750243712	0.148122976635997	0.853821118506629
"Sucrose"	0.350937712118351	0.713774254105905	0.715396585470462	0.911232997282565	0.690596271926309	1.07339716843514	0.461656919898607	0.854356610977266	0.374283738426579	0.862798884965466	1.219344584583	0.865749525826936	0.182928312451931	0.0380618974324094	0.201709500956881	0.202799259200357	0.121145500095972	0.293985716478421	0.0375834332171258	0.271591712568075	0.101219724818441	0.27156683142788	0.220669512064605	0.743938311232654
"L-Tryptophan"	0.678017191094372	0.961320318551016	0.558909490713515	0.181531031869044	0.149897244746504	0.457001101590995	0.965332125579656	0.618354649976427	0.638564459989716	0.574435465091809	0.652419494843966	0.5075305326076	0.237570463299278	0.292065939180584	0.177303894515404	0.395852541563903	0.522617532366746	0.091237609740016	0.137744797656291	0.0927508712378231	0.134323734978603	0.0392077363886974	0.0512867001161856	0.248191658283732
"Uridine 5'-diphosphate"	-0.675189748799645	-0.656893096320878	-0.836666098498256	-0.55909066211318	-0.91660429857022	-0.520110085256212	-0.301702924468934	-0.773048513432684	-0.892585080774091	-0.642956495247902	-0.402741944350945	0.0818772456918743	0.178277960300383	0.0587863604282013	0.0875603679432267	0.14927468635011	0.271644763568966	0.154704741778509	0.336649666536362	0.151719603824082	0.16289947219811	0.366207169265536	0.295550648130163	0.517831419530573
"Uridine diphosphate glucose"	-0.769665421494591	-1.3442454475462	-1.18060705448785	-0.377715178649579	-1.10317002999146	-0.64021283349069	-1.0778552102484	-1.19882486768534	-0.89795140091145	-1.25084389548598	-1.16982144045158	-0.646188840062932	0.267553548782207	0.0458020635922166	0.339627271029521	0.473165921070803	0.385720420695465	0.344571355197753	0.27411137792424	0.192233978941359	0.32150609022732	0.367395427342072	0.217424828967334	0.772167480667253
"Uridine diphosphate glucuronic acid"	-0.943150579858961	-0.559837945242712	-1.08650163142234	-0.668612085899778	-1.15746697750422	-1.03886172236604	-0.885419532067003	-1.03002495397642	-0.709006725624601	-1.26934187343866	-0.75510019006182	-0.154830444913922	0.15826672529652	0.395752816459322	0.0777319455348467	0.231668484032773	0.241153348970167	0.103237257170675	0.0601709439629651	0.134689474907972	0.194095076608776	0.0507355103160613	0.223063737553344	0.615880850845052
"Uridine diphosphate-N-acetylglucosamine"	-1.05856044914974	-1.57104927472909	-0.589661414763819	-0.714611207907158	-0.951732943328266	-0.0220873410997949	-0.847110295406605	-1.30163153298724	-1.06905526447859	-0.4969253416293	-1.31767796760637	-0.64626872194241	0.222692194089316	0.0483499980021966	0.419781215347155	0.407971651564895	0.387223243174115	0.295399912070007	0.386742367434607	0.308866941110289	0.357824281537814	0.446437942318308	0.294738017921559	0.724574005212571
"Uridine 5'-monophosphate"	-0.059912006766489	0.223845409204239	0.454026786670888	0.700367362853928	-0.00167339354103268	1.21044544869954	0.530954652330722	-0.471890125546804	0.0885961130928998	0.285880629338512	0.688187977353047	0.419696819618016	0.236150863073564	0.0711726996608227	0.328843603891232	0.208385066229738	0.151416579525095	0.361096376692735	0.288283226287067	0.217477962906361	0.182214466551741	0.121250488299494	0.408747972846091	0.657663225267384
"Uracil"	0.768032396342675	0.93151025795167	0.394405268350794	0.825838038303164	0.950196305153966	0.415591497555023	0.765286430253872	0.801546680523705	0.52584237921281	0.570863392105223	0.697075715465932	0.00277976524147701	0.298751295220247	0.197246570310385	0.173738154253525	0.276089409267244	0.545803066809512	0.135031405089621	0.047859027051618	0.243162537866344	0.113356432774948	0.168454780093262	0.127760081758681	0.503465768314446
"Uric acid"	-0.0525232184678406	-0.278382697870643	0.677231047414681	-0.266231649165822	0.0619714075329002	1.27465124007535	-1.44373901676107	-0.284147616811257	1.09650704817711	-0.0551500936722833	0.278127303838082	-0.131252347470645	0.962452725551084	1.40856976109365	0.663202268420023	0.832306083431942	0.973898045792251	0.0671986416350235	1.02648529932331	0.918420278242383	0.0782976968851986	1.09860511603407	0.889389724273557	0.878317126239023
"Uridine"	0.427316302283705	0.646709312440258	1.14961760722198	0.0400970415748908	0.0857932529493308	0.685725918546377	0.502866507755241	0.420701575351629	1.08395920865586	0.336009522397725	0.695436998082716	0.690674600289572	0.101893074125771	0.487129699121699	0.205870044921249	0.389209791140481	0.788661715964207	0.170662123536441	0.177581938355674	0.222116432213543	0.113116130434878	0.12163925942993	0.107961031964222	0.364634039494278
"Uridine triphosphate"	0.88980420072155	0.906568880347087	0.741848214076459	0.560761700860944	0.66860321389931	0.947963176014101	0.949389770851375	0.800139119115637	0.690611310280621	0.553134506636441	0.817393700804499	0.425001440755519	0.163350803771262	0.0538641972936757	0.0802289663732651	0.318274177841312	0.248900034499385	0.0622473861428459	0.0621038442642374	0.139016169978405	0.149259951553409	0.0523653116240728	0.11315820914261	0.751877280958335
"Val-Asp--VD"	-0.331426505199368	0.0671173939395173	-0.534628550862852	-0.510265470286297	-0.503656367734198	-0.593896647513808	-0.194587365672862	-0.261814089715379	-0.375443090037018	-0.613324171653079	-0.276286022198077	0.160181433401007	0.384635213478662	0.440909743795898	0.233677702007167	0.516384587936652	0.498797921006617	0.130190131781414	0.248233537535076	0.215884326135	0.332449895190915	0.210380161854365	0.326376055364411	0.32958845325883
"Valine-5-Aminopentanoic-acid"	-0.598897727871391	0.57110182029269	0.097442365099659	-0.138333731264186	-0.277508046031215	0.476676690581936	0.296315087965134	0.083107833248052	0.407852539398352	0.0475817425898108	0.184586932461356	0.164246129283687	0.932562096284432	0.167618367381127	0.191734510937273	0.341356858519818	0.573333794266245	0.195261406929894	0.087616110636074	0.0970241365021308	0.120768446582414	0.158904071547753	0.0667124744799151	0.205063426075614
"2,3-Dihydroxybenzoic acid"	0.819036915728122	0.413327050038483	0.90147106651449	0.826002189538848	0.644294536759528	0.588318580826259	0.426101855571419	0.595939481797162	1.00288315097114	0.12406778564263	1.0967774661185	0.781740765787138	0.155581117133418	0.560551450004983	0.239894140441892	0.287012006667054	0.67336144908946	0.232098829751731	0.370086594787937	0.278080071729197	0.11841670295483	0.117425532231857	0.168539757532471	0.559951373313694
"2-Aminooctanoic-acid"	0.600595434074972	0.347259688088763	-0.257549841428943	0.737312258616084	1.0536347194078	-0.13684156460044	0.740631337100788	0.350825961858761	-0.11491673059783	0.003816930499056	0.277241993287576	-0.308462970171549	0.587254122526323	0.575233371993023	0.153700926773181	0.475605984931921	0.769586113640299	0.20413853874195	0.300432565811648	0.518292674896729	0.251729252843869	0.100369081535245	0.37121738348557	0.171217066312836
"2-Isopropylmalic acid"	0.594287789556857	0.649572520001464	0.407141171111974	0.849860918761552	0.666845975879343	0.0364094955238471	0.662474811222939	0.874254280555234	0.398070518169587	0.315372547418095	0.504907918713045	0.206483672903243	0.303646285506402	0.121485441293807	0.195574497967612	0.454626478235641	0.705801661553742	0.134993467783016	0.288827053616134	0.406433656022892	0.100104325634753	0.243759124158556	0.245628364369119	0.234894394163496
"2-Keto-L-gluconate"	-0.457006441683318	0.171574638612327	0.720881306193803	-0.232454535637281	-0.292869120957925	0.499170897472737	0.500091882423702	0.301409462906411	0.778126195976177	0.445634954849836	0.606288786760131	0.444656391453373	0.945795206659323	0.190922715507232	0.0787811183232384	0.625848250883304	0.868143430657138	0.101286554592855	0.100063057021627	0.117112847150888	0.0961428649922284	0.124165195387127	0.0308676393935302	0.256614872341132
"Alpha-ketoisovaleric acid"	0.722573028157596	0.95273313609065	0.0768220155885072	0.645260341058209	0.894057777765888	0.473727680141096	0.856179513501293	1.00868571367384	0.40106521335421	0.409563723954382	0.208990121370306	0.110901974965448	0.426602296178965	0.11153190344707	0.107300571565725	0.525419347375114	0.646358300768187	0.164103449328298	0.243541921051474	0.415840006169954	0.0926767292700016	0.337156134437836	0.364237009537141	0.266033208357359
"2-Oxo-4-methylthiobutanoic acid"	0.576468505826633	1.37687524901232	0.671533608622097	-0.29347816026373	-0.173728046888431	0.647341473893263	0.894258889294273	0.678108563827255	0.954645251648153	-0.114505219666084	0.0649175091270761	0.346938944299717	0.687270405007356	0.353411827679755	0.405444566745394	0.465647235272677	0.432241988254732	0.297028593798515	0.475681385331034	0.131175042620364	0.163390465928994	0.305622749327415	0.164565070236975	0.481703023813652
"2-Ketobutyric acid"	0.604364932947219	0.237537425374016	-0.10084876190903	0.973599262315244	0.608863058902582	0.0243983191815783	0.529213592126743	0.627767325122727	0.018698572350656	-0.24710066365877	0.087153819296831	0.0160140800099342	0.605348634164796	0.352240140312904	0.221048502494974	0.585800016756909	0.762938762974905	0.223493908361152	0.315724418123335	0.426539332589212	0.0947593096588749	0.197230716480539	0.136173465624462	0.297652873563627
"3-Hydroxybutyric acid"	0.883121969020561	0.356708570656356	0.0173576558364437	0.661278038438708	0.679284184463148	0.0345277730905404	0.476864526679904	0.729347763336423	0.206013080462517	0.334197944798472	0.19580852220873	-0.187836262091971	0.511044148483093	0.104962300230748	0.0887221591624239	0.411538960634523	0.591995159040533	0.065555116924365	0.212668017701906	0.438959901121885	0.134027883158573	0.220748404534298	0.191805270337386	0.296326106076829
"3-Methylphenylacetic-acid"	1.00656099245681	0.565698168306841	0.203364078132846	0.769150680003633	1.20841206329506	0.383374472939224	0.62664803039791	0.853479967776459	0.716968051543699	0.282156608358628	0.598854746915202	0.319377698932681	0.738933861884641	0.223972799152195	0.0979487342669891	0.347895715050355	0.56389523240212	0.111064822805324	0.127268877913274	0.300653282100398	0.240382937331058	0.0824765441580304	0.0355522036685198	0.132250382092766
"DL-O-Phosphoserine"	0.312852155579087	0.0880524843257795	-0.12550903914732	0.424888130929935	0.473846352715329	-0.0343424959874343	0.198509384461933	0.227279853447217	-0.381094870748912	-0.5626754027489	0.268980061903442	0.442992924256551	0.309078455851075	0.242763861598265	0.158092460030478	0.248277894505916	0.455214717741503	0.253865766663332	0.166879107274295	0.257571086023774	0.28318838257475	0.152929268809744	0.238104353854585	0.350098529426974
"3-Phosphoglyceric acid"	-0.342499054487934	-0.752309093925399	-0.275808844842254	-0.381574957870851	0.115002527836706	-1.01422620473623	-0.632769116850178	-0.395175333573392	-0.378990689376525	0.698911765666463	-0.607254380688172	-0.662896463328826	0.516963280189824	0.507582489199756	0.794089328601874	0.84337504844852	0.451283019237733	0.549024837428662	0.339610150471987	0.279183760623229	0.586738737384408	0.327092226195803	0.63147246886188	0.652977323505728
"D-4'-Phosphopantothenate"	0.336579611017896	-1.14508980499458	-0.528245480344069	-0.296516065780899	0.160057580202045	-1.30549201785328	-1.08564764167922	0.323756655367228	-0.70209930625887	-0.301878700824702	0.584880807460786	0.113039042562112	0.45542514784412	0.07477201839277	0.52193697247032	0.443080839205223	0.506775556084991	0.147913232705923	0.086209950558987	0.332502538825853	0.476527195024016	0.838054486899464	0.362440605781474	0.498343073877552
"4-Pyridoxic acid"	1.43954945799392	0.441869180323418	0.46208055863497	0.621469166529181	0.781480394849164	0.608592385368618	0.524495824666267	0.371578958009243	0.361650630710185	0.508346916513864	0.531846470311473	0.12799239036386	0.823725896602265	0.0735191878459817	0.212724213998975	0.113489172389382	0.0893497357600299	0.156054086331071	0.147407834305368	0.0908980601955641	0.1327816112501	0.117981125799796	0.126323195349858	0.502500566554554
"5-Methyltetrahydrofolic acid"	0.772237143692169	0.318213113392114	0.0478676118354946	-0.249338108301379	-0.0723447255579995	0.128567631451611	0.388492304112867	0.143536748658406	0.441756915838944	-0.261856134695864	0.620623015177721	0.293931128209155	0.411299240605445	0.088403864329803	0.131674674736409	0.522363065844234	0.408503718371582	0.174879609214637	0.101927070271955	0.228158354675097	0.481700942952185	0.0859438390803968	0.495235586482667	0.239121485247937
"6-Phosphogluconic acid"	0.840739054851464	0.958660142588356	-0.480350062609438	0.795727161909171	0.143414560811173	-0.373558016107799	0.443349426877478	-0.0928921201953364	-0.425553927684339	-0.815531081958691	0.345938827705802	0.281367761519194	1.13659145584136	0.787873720406164	0.225894210120722	0.488671263308758	0.62750732462332	0.291905125443151	0.711027681215742	0.29281827180763	0.255060137533485	0.218174118242754	0.52672811561589	0.494011895818078
"Xanthine"	-0.0684516830316439	-1.47634684778048	-0.0843663592733824	0.0398078059562512	-1.02607696558012	-1.36858863192819	-0.508627094682496	-0.596913298647059	-1.60228369819278	0.77597969587334	-1.38750239477684	0.724855354409199	0.90989922302404	0.462576516420151	0.601856413293408	0.363207278251409	0.574230864933473	0.550495611571083	0.832365726447285	0.649748701418685	0.447719358803212	0.231118849403737	0.745050763162043	0.280140077395252
"Xanthosine"	0.983509819232951	-0.75749331888564	0.179921722662967	0.391106285813913	-1.51176002938686	0.482987824838469	0.367666030998275	-0.227271545436191	-0.971324854975005	1.31551267513772	-0.277141536281688	0.48213660619535	0.399935393116897	0.4268016443576	0.305184306592887	0.570505039993861	0.673643280846857	0.205955984506008	0.53057424934424	0.389584623232443	0.367339029030677	0.486151433842378	0.137624870729863	0.147105886861391
"Xanthosine 5'-phosphate"	0.380246241298095	0.0210659483746941	-0.215840904958762	0.208057449203318	-0.321184350363893	-0.145122555287246	0.0826524065647092	-0.132004946766956	-0.289531559128884	-0.487255364496294	-0.10718882171087	-0.0977493944122028	0.344082205657606	0.077469316856767	0.115388022644703	0.250220130160921	0.357976478014964	0.153249000603574	0.0893198568076402	0.199937774279907	0.214670728645101	0.0753135686101642	0.162747977310757	0.189222041456325
"Xanthurenic acid"	0.272252582996718	0.510467526370923	0.392972726780098	0.807572372631062	1.23847615386361	0.856953907371097	0.471475385134809	0.250786988441222	0.167755944612717	1.30015442942974	0.949238501069412	0.478080342063966	0.65379387608037	0.450481162023412	0.191228946316144	0.309944972353301	0.241055605290392	0.124534523918456	0.316573090503963	0.588460385690952	0.228434001654038	0.203003387500692	0.129919112780322	0.6569428080333
